import numpy as np

# Spring and Stokes friction coefficient
k, e = 1, 1

# The leftmost (rightmost) temperature T1 (T2)
T1, T2 = 1, 10


def sampling(num_beads, num_trjs):
    """Sampling the states of beads in steady state.
    
    Args:
        num_beads : Number of beads. Here, we allow only 2 and 5.
        T1 : Leftmost temperature
        T2 : Rightmost temperature
        num_trjs : Number of trajectories you want. default = 1000.

    Returns:
        Sampled states from the probability density in steady state. 
    """
    allow_num_beads = [8, 16, 32, 64, 128]
    assert num_beads in allow_num_beads, "'num_beads' must be 8, 16, 32, 64, or 128"

    if num_beads == 8:
        cov = [[1.5962500577420906,2.1925001154841812,2.400885675632175,2.343527531118067,2.091047935567491,1.6923237302281242,1.18696982144592,0.6111111111111112],[2.1925001154841812,4.7728647285624595,5.067515055926451,4.8821765132726025,4.328340480923774,3.4912771638990856,2.4444444444444446,1.2574746229985245],[2.400885675632175,5.067515055926451,8.214133306238569,7.789322985122116,6.848860310955917,5.5,3.8420561694342474,1.9743429364385425],[2.343527531118067,4.8821765132726025,7.789322985122116,11.212121810021376,9.777777777777779,7.81780635571075,5.449437296854004,2.7978409533213977],[2.091047935567491,4.328340480923774,6.848860310955917,9.777777777777779,13.232322634423069,10.544010348211218,7.34004570894962,3.767583579993044],[1.6923237302281242,3.4912771638990856,5.5,7.81780635571075,10.544010348211218,13.785866693761431,9.599151610740215,4.932447657701158],[1.18696982144592,2.4444444444444446,3.8420561694342474,5.449437296854004,7.34004570894962,9.599151610740215,12.338246382548652,6.363055440071374],[0.6111111111111112,1.2574746229985245,1.9743429364385425,2.7978409533213977,3.767583579993044,4.932447657701158,6.363055440071374,8.181527720035687]]

    elif num_beads == 16:
        cov = [[1.4821483272645195,1.964296654529039,2.265068851430183,2.4403365268778265,2.520829306868904,2.525690745009981,2.468060318950742,2.3576796234735875,2.202249694013298,2.008204027459865,1.781180301670594,1.5263225123318138,1.2484796302907795,0.9523362627839418,0.6424958304018679,0.3235294117647059],[1.964296654529039,4.109969439421453,4.655642224313868,4.975447949212217,5.117289955587808,5.113873354220278,4.9888709073194,4.760408480930309,4.443115125119741,4.049386114155569,3.5901946668906977,3.0756301173658813,2.5152597460473616,1.9183695904431197,1.2941176470588236,0.6516218166569558],[2.265068851430183,4.655642224313868,7.272082657191619,7.688523090069367,7.859009212049834,7.823641808963921,7.613141475176272,7.251968267808507,6.760416211379785,6.1560306371519715,5.454582134370748,4.670743544193653,3.8185596460896654,2.911764705882353,1.9639833507333508,0.9888402078042936],[2.4403365268778265,4.975447949212217,7.688523090069367,10.647552541823803,10.806581993578236,10.7085431944093,10.388084916613263,9.873906903747665,9.190550815438922,8.359738088701784,7.401359689246668,6.3342022789483154,5.176470588235294,3.946146236263276,2.661210842187933,1.339755663826868],[2.520829306868904,5.117289955587808,7.859009212049834,10.806581993578236,14.01122302603001,13.815864058481782,13.356748093119812,12.665023615129964,11.768142057926456,10.691011212969576,9.456916254965826,8.088235294117647,6.606974191639921,5.035138808747525,3.3949581179282364,1.7089716053152453],[2.525690745009981,5.113873354220278,7.823641808963921,10.7085431944093,13.815864058481782,17.18694192036801,16.558019782254235,15.661297405725929,14.525982588167361,13.179248450284234,11.647058823529411,9.954848450916527,8.128052075459214,6.192476689158665,4.1745112154622435,2.1011726395058763],[2.468060318950742,4.9888709073194,7.613141475176272,10.388084916613263,13.356748093119812,16.558019782254235,20.02709170980319,18.896163637352153,17.49524243873282,15.852941176470589,13.997222137951061,11.956047610559839,9.757908970121745,7.432204656965676,5.009437415256197,2.5212077372460175],[2.3576796234735875,4.760408480930309,7.251968267808507,9.873906903747665,12.665023615129964,15.661297405725929,18.896163637352153,22.401022995146665,20.705882352941178,18.74005167891424,16.53284094124441,14.114210883250017,11.515331537502254,8.768995553326098,5.909826051350849,2.974220894221996],[2.202249694013298,4.443115125119741,6.760416211379785,9.190550815438922,11.768142057926456,14.525982588167361,17.49524243873282,20.705882352941178,24.18721229897098,21.868542245000793,19.27987906486231,16.452623443693568,13.42021074331116,10.21861996748561,6.886650342599102,3.4658497882911186],[2.008204027459865,4.049386114155569,6.1560306371519715,8.359738088701784,10.691011212969576,13.179248450284234,15.852941176470589,18.74005167891424,21.868542245000793,25.26702593725563,22.265509629510472,18.99619308335078,15.494268024563208,11.798623230706081,7.952305563268835,4.002527916343376],[1.781180301670594,3.5901946668906977,5.454582134370748,7.401359689246668,9.456916254965826,11.647058823529411,13.997222137951061,16.53284094124441,19.27987906486231,22.265509629510472,25.51894043257317,21.772371235635866,17.762045040884818,13.529299367506669,9.121420763426782,4.591956313813549],[1.5263225123318138,3.0756301173658813,4.670743544193653,6.3342022789483154,8.088235294117647,9.954848450916527,11.956047610559839,14.114210883250017,16.452623443693568,18.99619308335078,21.772371235635866,24.8123063857347,20.25224153583353,15.435108435008992,10.412121809118075,5.2438765754840375],[1.2484796302907795,2.5152597460473616,3.8185596460896654,5.176470588235294,6.606974191639921,8.128052075459214,9.757908970121745,11.515331537502254,13.42021074331116,15.494268024563208,17.762045040884818,20.25224153583353,22.99950628170561,17.546771027577694,11.84808146255249,5.971428179004527],[0.9523362627839418,1.9183695904431197,2.911764705882353,3.946146236263276,5.035138808747525,6.192476689158665,7.432204656965676,8.768995553326098,10.21861996748561,11.798623230706081,13.529299367506669,15.435108435008992,17.546771027577694,19.904387931043676,13.462004834509662,6.793754677981582],[0.6424958304018679,1.2941176470588236,1.9639833507333508,2.661210842187933,3.3949581179282364,4.1745112154622435,5.009437415256197,5.909826051350849,6.886650342599102,7.952305563268835,9.121420763426782,10.412121809118075,11.84808146255249,13.462004834509662,15.3017952664609,7.741585698412137],[0.3235294117647059,0.6516218166569558,0.9888402078042936,1.339755663826868,1.7089716053152453,2.1011726395058763,2.5212077372460175,2.974220894221996,3.4658497882911186,4.002527916343376,4.591956313813549,5.2438765754840375,5.971428179004527,6.793754677981582,7.741585698412137,8.870792849206069]]
    
    elif num_beads == 32:
        cov = [[1.345673497611262,1.6913469952225242,1.9492433552976818,2.146353745873582,2.297460407248206,2.411681616211149,2.4951585970438277,2.5523031080590353,2.586441736703778,2.6001790248183525,2.5956170370484064,2.5744958541061123,2.5382877024315857,2.4882624611314474,2.4255347201899053,2.3510985037577177,2.26585348007337,2.170625127966723,2.06618050262375,1.9532407203935336,1.832490942644983,1.7045884126634365,1.5701689463093278,1.429852171679658,1.284245739708752,1.1339486765045894,0.9795540126505865,0.821650800252803,0.6608256120728901,0.4976636064220211,0.3327492349388386,0.16666666666666666],[1.6913469952225242,3.4704711279811535,3.959272680094621,4.338711220948441,4.631806266908092,4.854107460552563,5.016649663905127,5.127612098488536,5.193284813937727,5.218657325521224,5.20779326926916,5.164078676944456,5.090392494488783,4.989227421904299,4.862777915870456,4.713005814767596,4.541690288569039,4.350466529169771,4.140856162134743,3.914291436305401,3.6721346375229627,3.415693761699435,3.1462352008942167,2.8649940007005514,2.5731821106507615,2.271994953659019,1.9626165738449535,1.6462235762877355,1.3239880416167362,0.997079578676356,0.6666666666666666,0.33391743172782806],[1.9492433552976818,3.959272680094621,6.0786650161512075,6.61741219091747,7.03694597888316,7.356292295185884,7.589720499535582,7.748210808052255,7.8404280950373675,7.873372194059656,7.852820037562556,7.7836330899137725,7.6699761766747905,7.515476816126508,7.323343706620025,7.096456550873171,6.837435330265418,6.548694538008581,6.232486180440052,5.890934225170365,5.52606240944203,5.139816795717125,4.734084094867551,4.310706519577572,3.8714937485347227,3.4182324536357718,2.9526937527824733,2.476638889436449,1.991823399429963,1.5,1.002920421323644,0.5023363935779788],[2.146353745873582,4.338711220948441,6.61741219091747,9.015326547687073,9.542273162521193,9.944395241772227,10.237729230999062,10.435082539147531,10.546844564099834,10.581583318117477,10.546481597007633,10.447657468473285,10.290402306170101,10.079359959306919,9.818663543609965,9.512041351839645,9.162899943610883,8.774390112159082,8.349459796446517,7.8908968744939765,7.40136397935767,6.883426916859479,6.339577863281294,5.77225423420746,5.183853910274785,4.576747359566873,3.9532870942127176,3.3158148292456247,2.6666666666666665,2.0081766005700366,1.3426786250499303,0.6725077212604432],[2.297460407248206,4.631806266908092,7.03694597888316,9.542273162521193,12.172424881742309,12.64128627838278,12.9817186435409,13.207545553438981,13.330284304096955,13.35963491730279,13.303865563877215,13.17011288080163,12.964615620225407,12.692897171321102,12.359909156673265,11.970145369264568,11.527732980179387,11.036506170570346,10.500066018692955,9.921829497001355,9.305069716635193,8.652949029081832,7.968546207190682,7.254878643696191,6.514920298790085,5.751615980144217,4.967892435255901,4.166666666666667,3.3508518374210414,2.5233611105635507,1.6871097570455977,0.8450158664138636],[2.411681616211149,4.854107460552563,7.356292295185884,9.944395241772227,12.64128627838278,15.466606346475682,15.840313511342774,16.083096726970545,16.20711218154621,16.222806483119513,16.139232860396806,15.964312870630621,15.705050122608796,15.36770394907882,14.957930542497428,14.48089798836597,13.941380437271746,13.343835571249965,12.692468610753608,11.991285378183294,11.24413636109992,10.454753275641968,9.626779292703413,8.763793834596537,7.86933266104515,6.946903826964008,6,5.032107564744099,4.046712905787282,3.0473062472175267,2.037383426155046,1.0204459873494134],[2.4951585970438277,5.016649663905127,7.589720499535582,10.237729230999062,12.9817186435409,15.840313511342774,18.829832328383976,19.07741566155421,19.192261211997828,19.185245973232245,19.06594652395987,18.842855618715245,18.523568050500337,18.114937959887953,17.623211075871648,17.05413560443014,16.41305520929166,15.704987066404154,14.934687474888218,14.10670704387829,13.22543707393923,12.295148419682707,11.320023853384464,10.304184740941393,9.251712683829968,8.166666666666666,7.053096173035991,5.9150506865224495,4.75658597376646,3.581767546364228,2.3946717130076474,1.1993846568287438],[2.5523031080590353,5.127612098488536,7.748210808052255,10.435082539147531,13.207545553438981,16.083096726970545,19.07741566155421,22.20447237886449,22.299271031658645,22.259969673851774,22.096451643495175,21.81759502977016,21.431428500789355,20.94526876410101,20.365840196671076,19.699378144191286,18.951717729060604,18.12837001018677,17.23458717851683,16.27541824850241,15.255756471096001,14.180379475765163,13.053982960210346,11.881208591954602,10.666666666666666,9.414953982836696,8.130667338954849,6.818413034543247,5.482812756391881,4.128506251465277,2.7601512226825715,1.3824209269579142],[2.586441736703778,5.193284813937727,7.8404280950373675,10.546844564099834,13.330284304096955,16.20711218154621,19.192261211997828,22.299271031658645,25.540380861920486,25.458910047021032,25.242295346398894,24.899644356080874,24.439282158785918,23.868868399055636,23.195502802520373,22.42581904660332,21.566067552572697,20.622188066765492,19.599872980489913,18.50462230051853,17.3417910861772,16.116630052071603,14.834319919737153,13.5,12.118791408045396,10.695815259058605,9.236206165403464,7.745121356303808,6.227745765792539,4.689293480422428,3.1350059992994477,1.5701478283203418],[2.6001790248183525,5.218657325521224,7.873372194059656,10.581583318117477,13.35963491730279,16.222806483119513,19.185245973232245,22.259969673851774,25.458910047021032,28.792994305912984,28.514175338998484,28.099404889368532,27.557187379217794,26.895419870815257,26.121483567751444,25.24232768712893,24.264545367861377,23.194441723812584,22.038094376158803,20.801406886904598,19.490155521022654,18.1100297266069,16.666666666666668,15.165680080262844,13.61268370645632,12.013309479948868,10.373220707296586,8.698120459475984,6.99375547005204,5.265915905132449,3.5204314657724503,1.7631643870240057],[2.5956170370484064,5.20779326926916,7.852820037562556,10.546481597007633,13.303865563877215,16.139232860396806,19.06594652395987,22.096451643495175,25.242295346398894,28.514175338998484,31.92200681431354,31.426612483176974,30.794642597901472,30.03414013723615,29.152683910541214,28.15746276629958,27.055344507931302,25.852939084464666,24.556655913428127,23.172755349918397,21.70739438440193,20.166666666666668,18.556636940059768,16.883369947928397,15.152953857568168,13.371518246983959,11.545246724358032,9.680384304251502,7.783239749807186,5.860183204282875,3.9176395716338983,1.9620782540032302],[2.5744958541061123,5.164078676944456,7.7836330899137725,10.447657468473285,13.17011288080163,15.964312870630621,18.842855618715245,21.81759502977016,24.899644356080874,28.099404889368532,31.426612483176974,34.890395631124356,34.16063039197496,33.29381416968666,32.29764917087768,31.179494959596877,29.946430813099575,28.605314192686638,27.16283484317065,25.62556421493893,24,22.29260561559807,20.509844478977342,18.658208913822804,16.744243528903997,14.774562926060769,12.75586363890008,10.694930283364803,8.598636020642328,6.47393759055797,4.327865362477038,2.1675090573550166],[2.5382877024315857,5.090392494488783,7.6699761766747905,10.290402306170101,12.964615620225407,15.705050122608796,18.523568050500337,21.431428500789355,24.439282158785918,27.557187379217794,30.794642597901472,34.16063039197496,37.663669169187365,36.68283697865784,35.564603643685984,34.31643708811067,32.945569592183496,31.45905203001166,29.863805051628912,28.166666666666668,26.37443578506107,24.49391131674827,22.531926446428734,20.49537769948147,18.391248418164253,16.226626289455044,14.008714621816706,11.74483716966531,9.442436458839357,7.109065774829634,4.752375230361266,2.3800926129397997],[2.4882624611314474,4.989227421904299,7.515476816126508,10.079359959306919,12.692897171321102,15.36770394907882,18.114937959887953,20.94526876410101,23.868868399055636,26.895419870815257,30.03414013723615,33.29381416968666,36.68283697865784,40.20926093207134,38.96149133709775,37.57608015697631,36.060358437512065,34.421519283547596,32.666666666666664,30.802861615037756,28.837165156829347,26.7766774199052,24.62857229050786,22.400127019510084,20.098746154816503,17.731979191778446,15.30753138924639,12.833267314640375,10.317206870220149,7.767513819559948,5.192477171198589,2.600486164042916],[2.4255347201899053,4.862777915870456,7.323343706620025,9.818663543609965,12.359909156673265,14.957930542497428,17.623211075871648,20.365840196671076,23.195502802520373,26.121483567751444,29.152683910541214,32.29764917087768,35.564603643685984,38.96149133709775,42.49602061565738,40.96603376518474,39.298264717340864,37.5,35.578480716452404,33.54094796998834,31.394685807313362,29.147060915535338,26.805558276187412,24.377811933234508,21.87162998981323,19.29501293359585,16.65616442875004,13.963493829429652,11.225609887840918,8.451305461991419,5.649533470830227,2.8293748720332768],[2.3510985037577177,4.713005814767596,7.096456550873171,9.512041351839645,11.970145369264568,14.48089798836597,17.05413560443014,19.699378144191286,22.42581904660332,25.24232768712893,28.15746276629958,31.179494959596877,34.31643708811067,37.57608015697631,40.96603376518474,44.49376957076441,42.666666666666664,40.70173528265913,38.6063082291546,36.38776374114984,34.053569186900425,31.611322158735366,29.06878796547195,26.433932447427303,23.71494893760606,20.920278124041673,18.058619562728257,15.138933686487283,12.17043338972245,9.16256466973458,6.124976378097627,3.067479853259963],[2.26585348007337,4.541690288569039,6.837435330265418,9.162899943610883,11.527732980179387,13.941380437271746,16.41305520929166,18.951717729060604,21.566067552572697,24.264545367861377,27.055344507931302,29.946430813099575,32.945569592183496,36.060358437512065,39.298264717340864,42.666666666666664,46.17289709590225,44.03396623481525,41.757253176357025,39.350229578556004,36.82050504040312,34.175870567033755,31.424338979537737,28.574180953396677,25.633955189142046,22.612531062236524,19.519102011634033,16.363187964068768,13.154625314827019,9.903543449126827,6.620327518565737,3.315568162908949],[2.170625127966723,4.350466529169771,6.548694538008581,8.774390112159082,11.036506170570346,13.343835571249965,15.704987066404154,18.12837001018677,20.622188066765492,23.194441723812584,25.852939084464666,28.605314192686638,31.45905203001166,34.421519283547596,37.5,40.70173528265913,44.03396623481525,47.50397938434263,45.038508662902245,42.43539635631401,39.70235082912232,36.847316089458786,33.87851643224855,30.80449719747963,27.634159803328924,24.37678892412835,21.042069457502574,17.640090843326735,14.181336456390035,10.676656293379976,7.137222084129543,3.5744652798100947],[2.06618050262375,4.140856162134743,6.232486180440052,8.349459796446517,10.500066018692955,12.692468610753608,14.934687474888218,17.23458717851683,19.599872980489913,22.038094376158803,24.556655913428127,27.16283484317065,29.863805051628912,32.666666666666664,35.578480716452404,38.6063082291546,41.757253176357025,45.038508662902245,48.45740573459532,45.65049635467549,42.70618583031334,39.63252652943052,36.437913462518075,33.13113160094436,29.72139790256566,26.21839537344538,22.632296050921177,18.973769495345564,15.253973374026415,11.484523183873492,7.6774392447623665,3.8450708722018856],[1.9532407203935336,3.914291436305401,5.890934225170365,7.8908968744939765,9.921829497001355,11.991285378183294,14.10670704387829,16.27541824850241,18.50462230051853,20.801406886904598,23.172755349918397,25.62556421493893,28.166666666666668,30.802861615037756,33.54094796998834,36.38776374114984,39.350229578556004,42.43539635631401,45.65049635467549,49.00299749747929,45.83936960802503,42.538690735431864,39.10947928744887,35.56071784121408,31.901904832543973,28.14309861616633,24.2949498773912,20.368717713107927,16.376264360496567,12.33002382332521,8.24294083884455,4.128378964235081],[1.832490942644983,3.6721346375229627,5.52606240944203,7.40136397935767,9.305069716635193,11.24413636109992,13.22543707393923,15.255756471096001,17.3417910861772,19.490155521022654,21.70739438440193,24,26.37443578506107,28.837165156829347,31.394685807313362,34.053569186900425,36.82050504040312,39.70235082912232,42.70618583031334,45.83936960802503,49.109604368875644,45.57338751682303,41.90059511063147,38.10035564391912,34.18240497022983,30.15714438128475,26.03568712936938,21.829887119198364,17.552342531526715,13.21636691008623,8.835921323055542,4.425504145893888],[1.7045884126634365,3.415693761699435,5.139816795717125,6.883426916859479,8.652949029081832,10.454753275641968,12.295148419682707,14.180379475765163,16.116630052071603,18.1100297266069,20.166666666666668,22.29260561559807,24.49391131674827,26.7766774199052,29.147060915535338,31.611322158735366,34.175870567033755,36.847316089458786,39.63252652943052,42.538690735431864,45.57338751682303,48.74465985235313,44.819157994334844,40.75770465360111,36.57021502317149,32.26738680937346,27.860767139603198,23.36280110278945,18.7868517363257,14.147179962437445,9.458873397397506,4.737716296284928],[1.5701689463093278,3.1462352008942167,4.734084094867551,6.339577863281294,7.968546207190682,9.626779292703413,11.320023853384464,13.053982960210346,14.834319919737153,16.666666666666668,18.556636940059768,20.509844478977342,22.531926446428734,24.62857229050786,26.805558276187412,29.06878796547195,31.424338979537737,33.87851643224855,36.437913462518075,39.10947928744887,41.90059511063147,44.819157994334844,47.87367236075368,43.541089952978965,39.07336365948156,34.481420693434416,29.777193516880487,24.973698416030544,20.085083348549187,15.126627805940343,10.11467600781211,5.0664876418483145],[1.429852171679658,2.8649940007005514,4.310706519577572,5.77225423420746,7.254878643696191,8.763793834596537,10.304184740941393,11.881208591954602,13.5,15.165680080262844,16.883369947928397,18.658208913822804,20.49537769948147,22.400127019510084,24.377811933234508,26.433932447427303,28.574180953396677,30.80449719747963,33.13113160094436,35.56071784121408,38.10035564391912,40.75770465360111,43.541089952978965,46.45961913807952,41.70072896834135,36.80773878800217,31.79288781845379,26.669715695903044,21.453155435900168,16.159571904962633,10.806715186062274,5.4135582632962205],[1.284245739708752,2.5731821106507615,3.8714937485347227,5.183853910274785,6.514920298790085,7.86933266104515,9.251712683829968,10.666666666666666,12.118791408045396,13.61268370645632,15.152953857568168,16.744243528903997,18.391248418164253,20.098746154816503,21.87162998981323,23.71494893760606,25.633955189142046,27.634159803328924,29.72139790256566,31.901904832543973,34.18240497022983,36.57021502317149,39.07336365948156,41.70072896834135,44.46219428780217,39.25591767177912,33.916903273029455,28.45912111322768,22.8982507941858,17.251789191947747,11.53905456817813,5.781030225274297],[1.1339486765045894,2.271994953659019,3.4182324536357718,4.576747359566873,5.751615980144217,6.946903826964008,8.166666666666666,9.414953982836696,10.695815259058605,12.013309479948868,13.371518246983959,14.774562926060769,16.226626289455044,17.731979191778446,19.29501293359585,20.920278124041673,22.612531062236524,24.37678892412835,26.21839537344538,28.14309861616633,30.15714438128475,32.26738680937346,34.481420693434416,36.80773878800217,39.25591767177912,41.83683433828269,36.15968648865722,30.351614689792434,24.428937435667606,18.41027950046442,12.316683669428205,6.171508069622838],[0.9795540126505865,1.9626165738449535,2.9526937527824733,3.9532870942127176,4.967892435255901,6,7.053096173035991,8.130667338954849,9.236206165403464,10.373220707296586,11.545246724358032,12.75586363890008,14.008714621816706,15.30753138924639,16.65616442875004,18.058619562728257,19.519102011634033,21.042069457502574,22.632296050921177,24.2949498773912,26.03568712936938,27.860767139603198,29.777193516880487,31.79288781845379,33.916903273029455,36.15968648865722,38.53339365352432,32.35871372161722,26.05560475822777,19.643707704814116,13.145892539447438,6.588318383788851],[0.821650800252803,1.6462235762877355,2.476638889436449,3.3158148292456247,4.166666666666667,5.032107564744099,5.9150506865224495,6.818413034543247,7.745121356303808,8.698120459475984,9.680384304251502,10.694930283364803,11.74483716966531,12.833267314640375,13.963493829429652,15.138933686487283,16.363187964068768,17.640090843326735,18.973769495345564,20.368717713107927,21.829887119198364,23.36280110278945,24.973698416030544,26.669715695903044,28.45912111322768,30.351614689792434,32.35871372161722,34.494241784924355,27.791060170812138,20.96305402111684,14.034860399758575,7.035872926085126],[0.6608256120728901,1.3239880416167362,1.991823399429963,2.6666666666666665,3.3508518374210414,4.046712905787282,4.75658597376646,5.482812756391881,6.227745765792539,6.99375547005204,7.783239749807186,8.598636020642328,9.442436458839357,10.317206870220149,11.225609887840918,12.17043338972245,13.154625314827019,14.181336456390035,15.253973374026415,16.376264360496567,17.552342531526715,18.7868517363257,20.085083348549187,21.453155435900168,22.8982507941858,24.428937435667606,26.05560475822777,27.791060170812138,29.65134011897959,22.38258780908253,14.99462211238489,7.520312920793084],[0.4976636064220211,0.997079578676356,1.5,2.0081766005700366,2.5233611105635507,3.0473062472175267,3.581767546364228,4.128506251465277,4.689293480422428,5.265915905132449,5.860183204282875,6.47393759055797,7.109065774829634,7.767513819559948,8.451305461991419,9.16256466973458,9.903543449126827,10.676656293379976,11.484523183873492,12.33002382332521,13.21636691008623,14.147179962437445,15.126627805940343,16.159571904962633,17.251789191947747,18.41027950046442,19.643707704814116,20.96305402111684,22.38258780908253,23.921334983848794,16.040727319905375,8.050756644702318],[0.3327492349388386,0.6666666666666666,1.002920421323644,1.3426786250499303,1.6871097570455977,2.037383426155046,2.3946717130076474,2.7601512226825715,3.1350059992994477,3.5204314657724503,3.9176395716338983,4.327865362477038,4.752375230361266,5.192477171198589,5.649533470830227,6.124976378097627,6.620327518565737,7.137222084129543,7.6774392447623665,8.24294083884455,8.835921323055542,9.458873397397506,10.11467600781211,10.806715186062274,11.53905456817813,12.316683669428205,13.145892539447438,14.034860399758575,14.99462211238489,16.040727319905375,17.19619553868551,8.641986338110808],[0.16666666666666666,0.33391743172782806,0.5023363935779788,0.6725077212604432,0.8450158664138636,1.0204459873494134,1.1993846568287438,1.3824209269579142,1.5701478283203418,1.7631643870240057,1.9620782540032302,2.1675090573550166,2.3800926129397997,2.600486164042916,2.8293748720332768,3.067479853259963,3.315568162908949,3.5744652798100947,3.8450708722018856,4.128378964235081,4.425504145893888,4.737716296284928,5.0664876418483145,5.4135582632962205,5.781030225274297,6.171508069622838,6.588318383788851,7.035872926085126,7.520312920793084,8.050756644702318,8.641986338110808,9.320993169055404]]

    elif num_beads == 64:
